Source size
wasm	65245	263183	564029	915430	1378966	2003359	
native	65245	263183	564029	915430	1378966	2003359	
ng2dart	28288	115489	247810	403950	614850	891995	
ng2ts	27987	112767	241160	392652	596796	865682	
inferno	37169	143577	301128	491922	747108	1077312	
Compiled size
wasm	369019	761506	1365998	2078850	3044844	4255241	
native	450284	1228516	2387320	3784372	5707560	8028652	
ng2dart	496283	1032104	1868296	2864790	4203928	5918137	
ng2ts	619259	1428913	2700456	4212992	6185077	8823275	
inferno	70573	162733	301738	468892	693979	981869	
Compressed size
wasm	106920	210552	370992	557499	814304	1138247	
native	140766	392670	775975	1218454	1837905	2609325	
ng2dart	108943	196548	335345	492365	710950	994876	
ng2ts	103128	173962	285746	416222	583002	815876	
inferno	20060	37312	63212	92777	134215	187190	
